(1,8),
(2,2), (2,1),(2,5), (2,6), (6,2), (1,2), (1,4), (4,6), (4,5), (10,2), (11,1), (5,2), (12,2), (0,1), (12,3), (1,1), (6,7), (0,4), (2,7), (10,4), (9,4), (1,9), (8,1), (1,6), (7,7), (3,8), (8,3), (11,3), (0,5), (2,4), (3,7), (9,2), (6,4), (2,8), (0,9), (8,9), (1,5), (8,6), (3,1), (13,4), (13,3), (7,1), (7,2), (3,9), (3,3), (6,8), (8,7), (1,7), (10,1), (5,1), (3,6), (2,3), (7,3), (5,5), (0,8), (0,6), (0,3), (5,3), (7,4), (6,6))
(4,3), (4,8), (4,7),(4,2), (4,4),(4,1),
(5,6), (5,4),
(6,1),
(7,8), (7,5), (7,9),
(8,4),
(9,9), (9,1),
(10,9),
(11,8), (11,6), (11,6),
(12,1),
(13,1),